Time Stamp (Seconds),Comment (),System Status (Code),Puck Temp (Kelvin),System Temp (Kelvin),Field (Oersted),Pressure (Torr),Sample Temp (Kelvin),Temp Rise (Kelvin),Samp HC (J/mole-K),Samp HC Err (J/mole-K),Addenda HC (µJ/K),Addenda HC Err (µJ/K),Total HC (µJ/K),Total HC Err (µJ/K),Fit Deviation (ChiSquare),Time Const tau1 (seconds),Time Const tau2 (seconds),Sample Coupling (Percent),Debye Temp (Kelvin),Debye Temp Err (Kelvin),Cal Correction (Factor),Therm Resist (Ohms),Htr Resist (Ohms),Puck Resist (Ohms),Wire Cond (W/K),Meas Time (seconds),Temp Squared (K^2),Samp HC/Temp (J/mole-K/K),Addenda Offset HC (µJ/K)
13488569.2,CALFILE: Puck603.cal - Addenda #378 measured on 6/4/2011 from 2.030193 to 296.44205 K
13488569.34,,5905,295.022,295.181,50000.156,9.3E-6,296.44681,4.7668728,124.71354,0.8484,14112.443,33.49,19236.118,34.85,0.18276767,61.146136,2.5122734,82.164632,6.0994157,112.8,1,,,,0.00031965,123.6215,87880.714,0.42069448,0
13489420.38,,5905,290.016,290.228,50000.156,9.3E-6,291.26002,4.5195964,132.86943,0.7476,13787.068,28.42,19245.816,30.72,1.4357357,63.758534,3.0678756,80.204889,-321.68531,5.685E6,1,,,,0.00030816,122.2923,84832.402,0.45618837,0
13490260.78,,5905,285.036,285.222,50000.156,9.2E-6,286.29738,4.5602185,131.24836,0.7037,13483.72,24.07,18875.869,28.91,0.64516181,64.138273,2.9422932,81.043785,9382.0329,4130,1,,,,0.00030019,127.5171,81966.188,0.45843368,0
13491093,,5905,280.008,280.219,50000.156,9.3E-6,281.30836,4.5363633,127.98581,0.5891,13189.081,20.22,18447.192,24.2,0.7421888,64.657684,2.5846759,83.128464,18439.972,2.015E4,1,,,,0.00029021,128.2765,79134.391,0.45496625,0
13491939.59,,5905,275.057,275.212,50000.156,9.3E-6,276.30869,4.4991286,125.98607,0.5042,12903.543,16.89,18079.499,20.72,0.52615784,65.459101,2.3436804,84.698863,28.322666,276,1,,,,0.00028044,129.3154,76346.493,0.45596131,0
13492786.22,,5905,270.023,270.205,50000.156,9.3E-6,271.30682,4.4423664,124.30987,0.414,12626.98,14.07,17734.071,17.01,0.41632377,65.244053,2.0871582,86.182417,69.35413,54.92,1,,,,0.00027555,130.9182,73607.389,0.45818927,0
13493631.34,,5905,265,265.212,50000.156,9.3E-6,266.29956,4.3726707,124.3627,0.3919,12361.356,11.78,17470.618,16.1,0.13218691,67.074559,1.8858935,87.778585,63.484734,35.77,1,,,,0.00026366,130.4881,70915.456,0.46700302,0
13494484.98,,5905,260.006,260.211,50000.156,9.3E-6,261.31202,4.3572714,123.89889,0.3389,12115.085,10.18,17205.291,13.92,0.14331294,68.094685,1.7967197,88.524782,94.85378,22.36,1,,,,0.00025561,134.1491,68283.97,0.47414156,0
13495345.02,,5905,255.03,255.21,50000.156,9.3E-6,256.31512,4.2979499,123.39604,0.328,11890.158,9.316,16959.705,13.47,0.11084371,69.105671,1.7512966,88.992797,118.40141,15.84,1,,,,0.0002482,136.1894,65697.44,0.48142318,0
13496211.14,,5905,250.009,250.196,50000.156,9.3E-6,251.31513,4.2310419,122.88809,0.3033,11672.485,8.928,16721.164,12.46,0.13700093,70.023413,1.7069801,89.427147,136.81375,11.97,1,,,,0.00024143,138.2113,63159.296,0.48898007,0
13497087.09,,5905,245.009,245.193,50000.156,9.3E-6,246.30648,4.1571396,123.02504,0.2832,11447.611,8.767,16501.917,11.63,0.18703,71.097944,1.6739734,89.828209,128.91574,11.38,1,,,,0.00023463,140.0468,60666.884,0.49947949,0
13497963.86,,5905,240.023,240.162,50000.156,9.3E-6,241.30248,4.1002437,122.46801,0.2729,11201.854,8.579,16233.275,11.21,0.21766779,72.10214,1.6249339,90.284346,145.85426,9.247,1,,,,0.00022752,142.1959,58226.885,0.50752904,0
13498841.14,,5905,235.003,235.155,50000.156,9.3E-6,236.28808,4.0424852,122.22668,0.2678,10922.044,8.216,15943.55,11,0.27786056,73.077199,1.6110447,90.550744,150.39964,8.432,1,,,,0.00022048,144.2043,55832.057,0.51727822,0
13499729.64,,5905,230.004,230.137,50000.156,9.3E-6,231.27365,3.9695867,123.34,0.2597,10613.751,7.937,15680.997,10.67,0.25298935,73.848231,1.5678494,90.980939,109.09549,10.89,1,,,,0.00021459,146.1544,53487.501,0.53330762,0
13500613.66,,5905,225.01,225.151,50000.156,9.2E-6,226.27464,3.902625,123.47782,0.2716,10290.756,7.73,15363.664,11.16,0.2177993,74.459228,1.5213622,91.379684,101.21113,11.84,1,,,,0.0002085,147.6965,51200.212,0.54569891,0
13501503.36,,5905,220.01,220.133,50000.156,9.3E-6,221.26795,3.838286,122.16943,0.2436,9964.8173,7.541,14983.971,10.01,0.52692701,74.811035,1.5212471,91.470959,142.4732,7.081,1,,,,0.00020243,148.9185,48959.506,0.5521334,0
13502384.3,,5905,215.016,215.147,50000.156,9.3E-6,216.26002,3.7770656,120.44342,0.2235,9648.886,7.319,14597.129,9.184,0.5701671,75.273778,1.4428802,91.970599,181.28116,4.922,1,,,,0.0001959,149.6221,46768.397,0.55693799,0
13503267.97,,5905,210.011,210.147,50000.156,9.3E-6,211.2497,3.7081244,119.43216,0.2265,9348.4602,7.027,14255.157,9.305,0.25258247,75.755005,1.3573507,92.512497,197.51546,4.41,1,,,,0.00019001,150.5476,44626.436,0.56536012,0
13504152.91,,5905,205.01,205.151,50000.156,9.2E-6,206.23347,3.6364484,118.67069,0.2164,9054.257,6.694,13929.671,8.89,0.24011637,76.41735,1.3361576,92.732854,206.72106,3.865,1,,,,0.00018407,151.51,42532.245,0.57541917,0
13505046.23,,5905,200.018,200.168,50000.156,9.3E-6,201.22898,3.5708162,118.08223,0.1957,8764.5912,6.368,13615.828,8.039,0.43035384,77.088809,1.3053269,92.999697,211.6375,3.238,1,,,,0.00017834,152.8347,40493.102,0.58680528,0
13505937.06,,5905,194.995,195.174,50000.156,9.2E-6,196.21851,3.5007516,117.72345,0.1982,8476.9473,6.096,13313.445,8.144,0.28460189,77.696626,1.2687148,93.286653,212.10407,3.153,1,,,,0.00017301,154.1776,38501.706,0.59996095,0
13506831.86,,5905,190,190.189,50000.156,9.2E-6,191.20738,3.4307997,117.06586,0.1909,8190.6229,5.924,13000.104,7.844,0.22548371,78.250518,1.2361281,93.538255,216.61782,2.844,1,,,,0.00016773,155.3933,36560.261,0.6122455,0
13507730.89,,5905,185.009,185.181,50000.156,9.3E-6,186.20022,3.3588509,116.41631,0.1767,7908.9118,5.851,12691.707,7.258,0.41231093,78.774305,1.2193478,93.703211,220.15233,2.473,1,,,,0.00016268,156.501,34670.523,0.62522111,0
13508633.94,,5905,180.018,180.175,50000.156,9.3E-6,181.18711,3.2835632,115.26761,0.1781,7628.0541,5.823,12363.657,7.315,0.24101222,78.967552,1.1913398,93.889322,229.37477,2.296,1,,,,0.00015808,157.5486,32828.77,0.63617994,0
13509535.2,,5905,175.014,175.151,50000.156,9.3E-6,176.18623,3.2043825,114.18093,0.1588,7345.0553,5.786,12036.013,6.525,18.048717,79.173368,1.1860698,93.963796,236.3131,1.903,1,,,,0.00015353,157.9351,31041.589,0.64806951,0
13510440.86,,5905,170.004,170.107,50000.156,9.2E-6,171.15916,3.1334618,112.69997,0.1562,7054.7267,5.701,11684.842,6.416,1.8086918,79.532105,1.1634148,94.12941,246.31156,1.726,1,,,,0.00014838,158.3467,29295.459,0.65845126,0
13511344.23,,5905,165.014,165.109,50000.156,9.2E-6,166.14728,3.060748,111.21139,0.1607,6760.9485,5.606,11329.907,6.6,2.7410959,79.503913,1.1600688,94.172609,254.67135,1.648,1,,,,0.00014396,159.0642,27604.919,0.66935427,0
13512247.19,,5905,159.998,160.116,50000.156,9.2E-6,161.12255,2.9812696,110.15177,0.1528,6463.954,5.488,10989.38,6.277,17.628566,79.905356,1.1474841,94.292616,257.34434,1.479,1,,,,0.00013896,159.0078,25960.475,0.6836521,0
13513150.11,,5905,155.021,155.146,50000.156,9.4E-6,156.10673,2.9156718,108.2684,0.1452,6165.9565,5.327,10614.007,5.963,26.993634,79.481615,1.0748899,94.636292,266.58137,1.304,1,,,,0.00013489,159.8107,24369.31,0.69355374,0
13514047.55,,5905,150.002,150.153,50000.156,9.3E-6,151.0726,2.8327052,106.79348,0.1479,5864.8522,5.078,10252.308,6.078,1.2788999,79.700725,1.0955671,94.575831,270.60815,1.25,1,,,,0.00013001,158.9632,22822.93,0.70690174,0
13514952.45,,5905,145.009,145.149,50000.156,9.3E-6,146.05184,2.760686,105.21013,0.137,5562.9293,4.802,9885.3354,5.63,1.3826616,79.454276,1.0790927,94.660386,274.36456,1.091,1,,,,0.00012578,159.4015,21331.141,0.72036157,0
13515855.55,,5905,140.005,140.126,50000.156,9.2E-6,141.02601,2.6826217,103.3587,0.1293,5261.0552,4.606,9507.3975,5.31,5.4354035,78.899762,1.0163361,94.944493,278.94594,0.9674,1,,,,0.0001218,158.9086,19888.336,0.73290519,0
13516749.69,,5905,135.009,135.109,50000.156,9.3E-6,135.99445,2.5976074,101.53258,0.1285,4959.6507,4.564,9130.9698,5.281,2.8467667,78.417812,0.99938212,95.011266,282.0142,0.9061,1,,,,0.00011773,157.7995,18494.49,0.74659357,0
13517643.31,,5905,130.014,130.101,50000.156,9.3E-6,130.97264,2.5192301,99.379507,0.1278,4659.121,4.591,8741.9841,5.252,44.911409,77.732579,0.95749236,95.183847,286.07159,0.8509,1,,,,0.00011372,156.8356,17153.833,0.75878066,0
13518531.09,,5905,125.001,125.111,50000.156,9.2E-6,125.94841,2.4376717,96.775074,0.1319,4360.9935,4.553,8336.8573,5.419,3.8422013,76.651064,0.94479076,95.186747,291.58445,0.8274,1,,,,0.00011003,155.4652,15863.002,0.76837074,0
13519412.97,,5905,119.996,120.12,50000.156,9.2E-6,120.92347,2.3461684,94.302275,0.1267,4064.4301,4.426,7938.7026,5.203,2.822492,75.387885,0.88707386,95.402122,294.72431,0.7517,1,,,,0.00010653,153.3021,14622.486,0.77985089,0
13520274.86,,5905,114.996,115.124,50000.156,9.3E-6,115.89165,2.2567267,91.792268,0.1207,3770.8446,4.256,7541.997,4.961,4.5519878,74.194889,0.85078798,95.514267,296.65561,0.6797,1,,,,0.00010286,150.7758,13430.874,0.79205248,0
13521135.59,,5905,109.991,110.111,50000.156,9.3E-6,110.85691,2.1709298,88.724473,0.1193,3482.1705,4.055,7127.287,4.902,1.1841775,72.60183,0.79778853,95.69094,300.2135,0.6376,1,,,,9.9339E-5,148.3898,12289.255,0.80035131,0
13521991.22,,5905,104.988,105.12,50000.156,9.3E-6,105.83301,2.0755193,85.936228,0.1143,3198.9687,3.821,6729.5342,4.694,0.77741186,70.934025,0.76539926,95.754203,300.80713,0.5813,1,,,,9.6041E-5,145.2037,11200.627,0.8119983,0
13522840.47,,5905,99.9894,100.126,50000.156,9.2E-6,100.8005,1.9868287,82.586323,0.1131,2926.377,3.633,6319.3165,4.647,0.3340957,69.209889,0.72745953,95.845226,302.74449,0.5491,1,,,,9.246E-5,141.868,10160.741,0.81930467,0
13523676.58,,5905,94.9985,95.1246,50000.156,9.3E-6,95.760043,1.8903346,79.340106,0.107,2665.3279,3.511,5924.9013,4.395,0.5277693,67.309352,0.69095595,95.91721,302.62297,0.4966,1,,,,8.9171E-5,138.4198,9169.9858,0.8285304,0
13524512.97,,5905,89.9989,90.1299,50000.156,9.2E-6,90.714293,1.8008732,75.555135,0.1151,2411.8038,3.327,5515.8771,4.729,0.10963857,65.276556,0.66314418,95.931122,303.4305,0.5131,1,,,,8.5647E-5,134.6187,8229.0829,0.83289118,0
13525345.19,,5905,84.9903,85.1193,50000.156,9.2E-6,85.687355,1.7115204,71.589458,0.1081,2165.292,3.047,5106.4412,4.441,0.1260024,62.759076,0.61482622,96.040414,303.47948,0.4645,1,,,,8.249E-5,130.5531,7342.3228,0.83547284,0
13526142.92,,5905,79.9794,80.1208,50000.156,9.3E-6,80.646523,1.61826,67.935633,0.1052,1931.7278,2.791,4722.7649,4.323,0.090840876,60.666792,0.58596749,96.04989,300.5832,0.436,1,,,,7.8977E-5,125.5182,6503.8616,0.84238762,0
13526924.11,,5905,74.9991,75.0968,50000.156,9.2E-6,75.611997,1.5330519,63.613909,0.09297,1712.4976,2.572,4325.983,3.819,0.14532643,57.932354,0.54688578,96.092456,298.91154,0.3744,1,,,,7.5792E-5,121.3336,5717.1741,0.84132032,0
13527694.06,,5905,69.9869,70.0925,50000.156,9.2E-6,70.570551,1.4428774,59.011738,0.08156,1507.1144,2.423,3931.5262,3.351,0.24759541,55.163672,0.50736214,96.143209,296.68904,0.3213,1,,,,7.2368E-5,115.8647,4980.2026,0.83620912,0
13528434.97,,5905,64.9928,65.1014,50000.156,9.3E-6,65.536389,1.3536585,54.297001,0.07486,1316.663,2.32,3547.3766,3.076,0.46029151,52.209664,0.47334052,96.144904,293.28174,0.2904,1,,,,6.9032E-5,110.3273,4295.0183,0.82850156,0
13529147.59,,5905,59.9873,60.0978,50000.156,9.2E-6,60.498371,1.2665131,49.432878,0.07279,1141.1608,2.248,3172.039,2.99,0.42475281,49.236129,0.43907432,96.15301,288.78389,0.28,1,,,,6.5491E-5,104.4193,3660.0528,0.81709438,0
13529894.28,,5905,55.001,55.1015,50000.156,9.2E-6,55.466918,1.1810868,44.50663,0.06981,979.08249,2.19,2807.5729,2.868,7.463258,46.129181,0.41250441,96.083698,282.90953,0.2686,1,,,,6.1925E-5,98.47226,3076.5789,0.80239956,0
13530632.05,,5905,49.9972,50.1092,50000.156,9.3E-6,50.429969,1.0867133,39.392552,0.06642,830.84123,2.029,2449.2272,2.729,1.0621132,42.381414,0.37115432,96.109934,276.09377,0.2589,1,,,,5.8821E-5,92.25836,2543.1818,0.78113377,0
13531344.7,,5905,49.0042,49.1176,50000.156,9.3E-6,49.375011,0.95498251,38.271065,0.06032,801.96964,2.01,2374.2809,2.478,5.750963,41.405048,0.35829618,96.147364,274.65814,0.2364,1,,,,5.8359E-5,73.16218,2437.8917,0.77511001,0
13531952.2,,5905,48.0272,48.1526,50000.156,9.3E-6,48.42909,0.99626707,37.301466,0.06267,776.30858,2.018,2308.7853,2.575,0.16995776,40.148203,0.33473121,96.278739,273.17074,0.2467,1,,,,5.8494E-5,82.8101,2345.3767,0.77022853,0
13532559.23,,5905,47.0611,47.1754,50000.156,9.4E-6,47.456943,0.96885285,36.175559,0.06256,751.05637,2.063,2237.2768,2.57,0.21117668,39.122945,0.32170118,96.326604,272.09692,0.2484,1,,,,5.8156E-5,80.29641,2252.1614,0.76228169,0
13533164.36,,5905,46.0941,46.199,50000.156,9.3E-6,46.483133,0.94518726,35.11165,0.0615,726.49502,2.129,2169.0063,2.527,0.50092113,38.232679,0.30898181,96.385189,270.71394,0.2461,1,,,,5.7681E-5,78.24589,2160.6816,0.75536325,0
13533762.78,,5905,45.1222,45.2274,50000.156,9.3E-6,45.504871,0.92447898,34.085859,0.06403,702.24443,2.194,2102.6126,2.63,0.36630635,37.540877,0.30549068,96.354734,269.09577,0.2581,1,,,,5.6956E-5,76.46536,2070.6933,0.74905957,0
13534361.16,,5905,44.1573,44.2546,50000.156,9.2E-6,44.529616,0.90617778,33.058141,0.06431,678.11187,2.239,2036.2577,2.642,0.44887401,36.769973,0.30140238,96.322527,267.44632,0.2613,1,,,,5.6327E-5,75.08175,1982.8867,0.74238549,0
13534953.03,,5905,43.1884,43.2812,50000.156,9.2E-6,43.55567,0.88785437,32.007405,0.06327,653.80606,2.241,1968.7839,2.599,0.805886,35.995703,0.29313106,96.340977,265.84359,0.2596,1,,,,5.5629E-5,73.53995,1897.0964,0.73486195,0
13535541.2,,5905,42.2224,42.3072,50000.156,9.2E-6,42.580668,0.86930777,30.99345,0.06136,629.19545,2.205,1902.5165,2.521,1.5554716,35.228595,0.28616044,96.342091,264.02908,0.2541,1,,,,5.4931E-5,71.99141,1813.1133,0.72787608,0
13536124.56,,5905,41.2543,41.3375,50000.156,9.3E-6,41.604818,0.8507102,29.97163,0.06137,604.60719,2.145,1835.9482,2.521,0.89892363,34.369829,0.2743589,96.396921,262.18729,0.2569,1,,,,5.4323E-5,70.45719,1730.9609,0.72038845,0
13536709.69,,5905,40.2827,40.3656,50000.156,9.3E-6,40.628023,0.83084952,28.991762,0.05998,580.24671,2.072,1771.3313,2.464,0.7967814,33.568539,0.26552649,96.419334,260.10853,0.2536,1,,,,5.3661E-5,68.73966,1650.6363,0.71359028,0
13537293.56,,5905,39.3152,39.395,50000.156,9.3E-6,39.654332,0.81214809,27.966089,0.05723,556.54852,1.998,1705.4948,2.351,0.96590682,32.784735,0.2621014,96.373554,258.18981,0.245,1,,,,5.2917E-5,67.13708,1572.4661,0.70524674,0
13537874.03,,5905,38.3536,38.4213,50000.156,9.3E-6,38.681526,0.79311402,27.007841,0.05599,533.5114,1.923,1643.0894,2.3,0.43271158,31.965428,0.24960313,96.448065,255.93468,0.2424,1,,,,5.2272E-5,65.56947,1496.2605,0.69821033,0
13538463,,5905,37.3838,37.4508,50000.156,9.2E-6,37.707077,0.77453705,26.030416,0.05309,510.98015,1.838,1580.4021,2.181,1.0319141,31.230472,0.24429428,96.433462,253.69715,0.2329,1,,,,5.1468E-5,63.93086,1421.8237,0.69033238,0
13539051.06,,5905,36.4123,36.4778,50000.156,9.2E-6,36.732202,0.75694245,25.168053,0.05337,488.86992,1.752,1522.8629,2.193,0.25900494,30.6791,0.24307518,96.373184,250.89294,0.2363,1,,,,5.0507E-5,62.46094,1349.2547,0.6851768,0
13539634.94,,5905,35.4486,35.5075,50000.156,9.3E-6,35.757457,0.73705343,24.726591,0.05497,467.1805,1.679,1483.0367,2.258,0.083340008,30.563084,0.24757169,96.252372,246.15791,0.2414,1,,,,4.9418E-5,61.3582,1278.5957,0.69150866,0
13540217.47,,5905,34.4761,34.5384,50000.156,9.3E-6,34.788859,0.72619575,23.948282,0.05086,446.00294,1.627,1429.8834,2.089,0.26448268,29.945988,0.23446191,96.356898,242.8764,0.2248,1,,,,4.861E-5,61.12617,1210.2647,0.68838941,0
13540762.75,,5905,33.5191,33.5819,50000.156,9.2E-6,33.810416,0.71157088,23.22792,0.07177,425.08821,1.593,1379.3737,2.949,0.076601459,29.915739,0.24590907,96.148257,239.19536,0.3185,1,,,,4.7E-5,59.89198,1143.1442,0.68700486,0
13541328.19,,5905,32.5388,32.5993,50000.156,9.2E-6,32.841353,0.70221249,21.892705,0.04965,404.60498,1.562,1304.0351,2.04,0.32457236,28.189038,0.22502016,96.274321,238.29199,0.2283,1,,,,4.7119E-5,59.83148,1078.5545,0.66662006,0
13541875.66,,5905,31.5751,31.6604,50000.156,9.2E-6,31.856358,0.67688676,21.294107,0.0476,384.21203,1.519,1259.0496,1.955,4.2390866,28.848901,0.229477,96.250997,233.85942,0.2189,1,,,,4.447E-5,56.37808,1014.8275,0.66844135,0
13542436.73,,5905,30.6004,30.6832,50000.156,9.2E-6,30.889682,0.67692186,20.292977,0.04736,364.22654,1.461,1197.9341,1.946,7.0897221,27.969288,0.23478496,96.034991,231.35235,0.2227,1,,,,4.3694E-5,57.6978,954.17245,0.65695001,0
13542988.89,,5905,29.641,29.7397,50000.156,9.3E-6,29.910803,0.6575998,18.825975,0.04366,344.23137,1.394,1117.6693,1.794,1.1689596,26.113007,0.22267238,96.002935,230.99316,0.2162,1,,,,4.3662E-5,55.93858,894.65613,0.62940387,0
13543505.14,,5905,28.6611,28.7505,50000.156,9.2E-6,28.926909,0.62897553,17.598536,0.03989,324.63693,1.324,1047.6473,1.639,1.9474266,25.064582,0.20717301,96.139392,229.50733,0.2062,1,,,,4.2604E-5,52.22601,836.76609,0.60837939,0
13544043.27,,5905,27.6876,27.7744,50000.156,9.3E-6,27.948022,0.60714385,16.462733,0.03773,305.7539,1.255,982.10143,1.55,3.6713935,23.902547,0.19765691,96.148183,227.63914,0.2034,1,,,,4.1875E-5,50.12916,781.09191,0.58904823,0
13544554.7,,5905,26.7244,26.807,50000.156,9.3E-6,26.972421,0.58557248,15.384506,0.03601,287.48726,1.184,919.5374,1.48,5.2146901,23.042111,0.19194226,96.129382,225.53141,0.2026,1,,,,4.0672E-5,47.80509,727.51149,0.57037913,0
13545055.58,,5905,25.7537,25.8372,50000.156,9.2E-6,25.992852,0.56859654,14.18263,0.03344,269.41184,1.115,852.08463,1.374,24.880631,21.872828,0.1854082,96.086739,224.18109,0.1994,1,,,,3.9705E-5,46.08422,675.62835,0.54563576,0
13545423.48,,5905,24.7746,24.8603,50000.156,9.3E-6,25.006469,0.54865769,12.984441,0.03715,251.2736,1.049,784.72057,1.526,0.0706555,20.807903,0.17397172,96.167727,222.9221,0.2365,1,,,,3.8413E-5,43.74566,625.32349,0.5192433,0
13545779.44,,5905,23.814,23.8562,50000.156,9.4E-6,24.031786,0.52816826,11.842469,0.02978,233.54363,0.9864,720.07432,1.223,1.1322868,19.604705,0.16740874,96.113979,221.62591,0.2035,1,,,,3.7414E-5,41.61581,577.52673,0.49278357,0
13546282.19,,5905,22.8491,22.922,50000.156,9.2E-6,23.06836,0.5060359,10.747176,0.02697,216.46052,0.9216,657.99267,1.108,10.193954,18.38515,0.15573875,96.174899,220.36938,0.199,1,,,,3.6436E-5,39.20941,532.14925,0.46588382,0
13546628.77,,5905,21.8733,21.9273,50000.156,9.2E-6,22.074635,0.48575444,9.6190777,0.02614,199.25145,0.8466,594.43733,1.074,2.7244575,17.401797,0.1582468,95.935636,219.41149,0.2115,1,,,,3.4805E-5,36.7703,487.2895,0.43575252,0
13547129.38,,5905,20.9108,20.9829,50000.156,9.2E-6,21.116961,0.46688322,8.5226682,0.02308,183.15034,0.7766,533.29182,0.9481,2.8926698,15.973441,0.13704181,96.212884,219.04992,0.2076,1,,,,3.3958E-5,34.80359,445.92603,0.4035935,0
13547455.16,,5905,19.9324,19.9886,50000.156,9.2E-6,20.119518,0.44207041,7.5109714,0.02136,167.19582,0.7196,475.7732,0.8777,2.0156521,14.99011,0.13628341,96.033826,218.10006,0.2146,1,,,,3.2296E-5,31.94688,404.795,0.37331766,0
13547777.47,,5905,18.9662,19.0503,50000.156,9.2E-6,19.153826,0.42317667,6.5333378,0.02106,152.32874,0.6722,420.74146,0.865,0.37681127,13.873668,0.1293999,95.989519,217.85739,0.2404,1,,,,3.0847E-5,29.98022,366.86905,0.34109832,0
13548089.98,,5905,17.9916,18.0521,50000.156,9.3E-6,18.16824,0.40217965,5.5762698,0.01807,137.56883,0.6155,366.6618,0.7423,9.5852092,12.584965,0.12071896,95.942152,218.13229,0.2398,1,,,,2.9621E-5,27.74734,330.08495,0.30692405,0
13548395.97,,5905,17.02,17.1125,50000.156,9.3E-6,17.198585,0.37799161,4.7402503,0.01697,123.44693,0.5542,318.19325,0.6972,0.57985937,11.550334,0.11602146,95.811614,218.17337,0.2632,1,,,,2.8004E-5,25.16993,295.79132,0.27561862,0
13548696.44,,5905,16.0566,16.1146,50000.156,9.2E-6,16.217416,0.35840348,3.9239516,0.01441,109.66314,0.4939,270.87301,0.5919,2.5856665,10.331191,0.10542,95.814397,219.24718,0.2698,1,,,,2.6629E-5,23.10067,263.00459,0.24195911,0
13548990.95,,5905,15.0812,15.168,50000.156,9.3E-6,15.242006,0.33627249,3.2141293,0.0127,96.498291,0.437,228.54614,0.5216,0.6935695,9.3235346,0.098510692,95.7281,220.31938,0.2906,1,,,,2.4882E-5,20.66238,232.31874,0.21087312,0
13549277.97,,5905,14.1158,14.1784,50000.156,9.3E-6,14.260477,0.31643873,2.5803614,0.0109,83.830099,0.3903,189.84051,0.4478,6.5302075,8.2663904,0.088813539,95.711159,221.83811,0.3121,1,,,,2.329E-5,18.64707,203.36122,0.18094495,0
13549558.45,,5905,13.1419,13.2142,50000.156,9.3E-6,13.282136,0.29381652,2.0490472,0.009669,72.035413,0.3481,156.21755,0.3972,2.2066795,7.3631486,0.085603615,95.408999,223.14773,0.3502,1,,,,2.1516E-5,16.53278,176.41513,0.15427091,0
13549834.42,,5905,12.1785,12.2395,50000.156,9.4E-6,12.308133,0.27281809,1.5862963,0.008227,61.198845,0.3049,126.36953,0.338,3.5709004,6.4447174,0.07475814,95.452251,225.21251,0.3881,1,,,,1.986E-5,14.7263,151.49013,0.12888197,0
13550093.73,,5905,11.2046,11.2743,50000.156,9.2E-6,11.327385,0.25064158,1.2263119,0.006128,50.825911,0.2302,101.20716,0.2517,2.3326725,5.7319014,0.068634686,95.321223,225.83835,0.375,1,,,,1.7874E-5,12.88943,128.30965,0.10826082,0
13550350.09,,5905,10.2394,10.2993,50000.156,9.3E-6,10.351996,0.22846321,0.94398792,0.005038,41.486435,0.1907,80.268812,0.207,2.3974583,5.0197599,0.060714588,95.27647,225.20195,0.3993,1,,,,1.6178E-5,11.4638,107.16382,0.091188974,0
13550605.98,,5905,9.26783,9.3296,50000.156,9.4E-6,9.3736999,0.20581849,0.72157813,0.004265,32.957235,0.1638,62.602228,0.1752,0.84158585,4.4186816,0.052094869,95.389415,223.02523,0.4377,1,,,,1.4323E-5,10.03952,87.86625,0.076979009,0
13550857.22,,5905,8.30113,8.3573,50000.156,9.3E-6,8.3975735,0.18303165,0.57048635,0.003052,25.336781,0.1172,48.774387,0.1254,1.6376687,3.9514182,0.047163706,95.336546,216.07747,0.3839,1,,,,1.2485E-5,8.837363,70.51924,0.067934666,0
13551105.73,,5905,7.33235,7.3887,50000.156,9.3E-6,7.4222586,0.16052104,0.46055428,0.002259,18.618633,0.08713,37.539839,0.09279,1.9794046,3.5718767,0.0382143,95.807014,205.10675,0.3342,1,,,,1.0628E-5,7.902836,55.089923,0.062050422,0
13551685.38,,5905,6.36934,6.4476,50000.156,9.2E-6,6.4537341,0.13930445,0.38502155,0.001492,12.950109,0.05363,28.768162,0.06128,0.81162189,3.3035699,0.034464745,95.852357,189.31581,0.2438,1,,,,8.8233E-6,7.143753,41.650683,0.059658725,0
13551945.55,,5905,5.38965,5.4606,50000.156,9.3E-6,5.4607628,0.11626301,0.33803738,0.001113,8.3046451,0.0369,22.192421,0.04571,0.54512438,3.1573534,0.023360904,96.860886,167.28971,0.1832,1,,,,7.1187E-6,6.60714,29.819931,0.06190296,0
13552203.28,,5905,4.42379,4.4831,50000.156,9.4E-6,4.4807783,0.091828726,0.31821047,0.0007973,4.7538217,0.01705,17.827038,0.03276,0.20587713,3.3235042,0.020807295,96.789032,140.06172,0.1168,1,,,,5.4602E-6,6.314707,20.077374,0.071016785,0
13552466.27,,5905,3.45804,3.5049,50000.156,9.3E-6,3.4999024,0.077514187,0.24535593,0.0005729,2.2701041,0.007012,12.350197,0.02354,0.12162117,3.2204538,0.013135044,97.255203,119.30601,0.09272,1,,,,3.9073E-6,6.647008,12.249317,0.070103651,0
13552725.75,,5905,2.49553,2.5133,50000.156,9.4E-6,2.521618,0.059946598,0.1539736,0.0005195,0.85784322,0.00306,7.1836258,0.02134,0.42319158,2.813295,0.0067217314,97.698128,100.40017,0.1127,1,,,,2.6002E-6,6.440908,6.3585574,0.061061431,0
